3.086005437402890905e+01
3.057798080126705642e+01
3.032931117108194030e+01
3.011602986926564185e+01
2.994020870359880959e+01
2.980403456726403633e+01
2.970985254056701663e+01
2.966022967228280649e+01
2.965804609092738531e+01
2.970662196176188985e+01
2.980989133866656715e+01
2.997263748312891352e+01
3.020080923422206354e+01
3.050194530062168496e+01
3.088574417924839111e+01
3.136483389000184729e+01
3.195582143789147267e+01
3.268074315695977816e+01
3.356910518827484680e+01
3.466081935596935182e+01
3.601054409435928960e+01
3.769431373632224336e+01
3.982005197686856945e+01
4.254499289412103735e+01
4.610606815339895093e+01
5.087625628153682555e+01
5.747722930805872465e+01
6.702717458154660335e+01
8.176042091846989024e+01
1.068864892761502006e+02
1.580266252792623618e+02
